Fold 1 Classification Report:
              precision    recall  f1-score   support

           0       0.39      0.09      0.15       100
           1       0.83      0.83      0.83        36
           2       0.75      0.85      0.79       100
           3       0.63      0.80      0.70       100
           4       0.32      0.49      0.39       100
           5       0.52      0.64      0.57        96
           6       0.95      1.00      0.97        35
           7       0.27      0.12      0.17       120
           8       0.92      0.92      0.92        86
           9       0.69      0.86      0.77       100

    accuracy                           0.61       873
   macro avg       0.63      0.66      0.63       873
weighted avg       0.58      0.61      0.57       873


Fold 2 Classification Report:
              precision    recall  f1-score   support

           0       0.58      0.22      0.32       100
           1       0.73      0.88      0.80        42
           2       0.74      0.85      0.79       100
           3       0.76      0.88      0.81       100
           4       0.36      0.58      0.45       100
           5       0.45      0.50      0.48       100
           6       1.00      0.91      0.96        35
           7       0.49      0.31      0.38       120
           8       0.87      0.73      0.79        91
           9       0.78      0.90      0.84       100

    accuracy                           0.64       888
   macro avg       0.68      0.68      0.66       888
weighted avg       0.64      0.64      0.62       888


Fold 3 Classification Report:
              precision    recall  f1-score   support

           0       0.41      0.40      0.40       100
           1       0.98      1.00      0.99        43
           2       0.77      0.75      0.76       100
           3       0.88      0.84      0.86       100
           4       0.46      0.77      0.58       100
           5       0.48      0.36      0.41       107
           6       1.00      1.00      1.00        36
           7       0.44      0.31      0.36       120
           8       0.95      0.83      0.89       119
           9       0.65      0.77      0.71       100

    accuracy                           0.66       925
   macro avg       0.70      0.70      0.70       925
weighted avg       0.66      0.66      0.65       925


Fold 4 Classification Report:
              precision    recall  f1-score   support

           0       0.46      0.59      0.52       100
           1       1.00      0.56      0.72        59
           2       0.80      0.70      0.74       100
           3       0.74      0.83      0.78       100
           4       0.55      0.59      0.57       100
           5       0.56      0.51      0.54       107
           6       0.95      0.92      0.93        38
           7       0.77      0.54      0.64       120
           8       0.93      0.92      0.92       166
           9       0.59      0.82      0.69       100

    accuracy                           0.70       990
   macro avg       0.73      0.70      0.70       990
weighted avg       0.72      0.70      0.70       990


Fold 5 Classification Report:
              precision    recall  f1-score   support

           0       0.60      0.45      0.51       100
           1       0.87      0.76      0.81        98
           2       0.87      0.59      0.70       100
           3       0.81      0.86      0.83       100
           4       0.56      0.61      0.58       100
           5       0.56      0.56      0.56       107
           6       0.98      1.00      0.99        40
           7       0.68      0.85      0.76       120
           8       0.98      0.92      0.95        71
           9       0.68      0.87      0.76       100

    accuracy                           0.73       936
   macro avg       0.76      0.75      0.75       936
weighted avg       0.73      0.73      0.72       936


Fold 6 Classification Report:
              precision    recall  f1-score   support

           0       0.34      0.33      0.34       100
           1       0.87      0.93      0.90        28
           2       0.72      0.78      0.75       100
           3       0.88      0.81      0.84       100
           4       0.52      0.86      0.65       100
           5       0.79      0.28      0.41       107
           6       0.96      0.98      0.97        46
           7       0.47      0.28      0.35        68
           8       0.84      0.70      0.76        74
           9       0.53      0.77      0.63       100

    accuracy                           0.64       823
   macro avg       0.69      0.67      0.66       823
weighted avg       0.66      0.64      0.63       823


Fold 7 Classification Report:
              precision    recall  f1-score   support

           0       0.54      0.80      0.65       100
           1       0.93      0.93      0.93        28
           2       0.76      0.84      0.80       100
           3       0.81      0.89      0.85       100
           4       0.65      0.51      0.57       100
           5       0.64      0.55      0.59       106
           6       0.98      0.80      0.88        51
           7       0.55      0.38      0.45        76
           8       0.91      0.78      0.84        77
           9       0.71      0.79      0.75       100

    accuracy                           0.71       838
   macro avg       0.75      0.73      0.73       838
weighted avg       0.72      0.71      0.71       838


Fold 8 Classification Report:
              precision    recall  f1-score   support

           0       0.36      0.09      0.14       100
           1       1.00      0.87      0.93        30
           2       0.74      0.84      0.79       100
           3       0.74      0.87      0.80       100
           4       0.58      0.76      0.66       100
           5       0.56      0.66      0.61        88
           6       0.97      0.97      0.97        30
           7       0.75      0.72      0.73        78
           8       0.63      0.49      0.55        80
           9       0.64      0.79      0.71       100

    accuracy                           0.67       806
   macro avg       0.70      0.70      0.69       806
weighted avg       0.65      0.67      0.65       806


Fold 9 Classification Report:
              precision    recall  f1-score   support

           0       0.45      0.13      0.20       100
           1       0.94      0.94      0.94        32
           2       0.70      0.77      0.73       100
           3       0.73      0.82      0.77       100
           4       0.64      0.50      0.56       100
           5       0.93      0.92      0.93        89
           6       0.96      0.71      0.81        31
           7       0.50      0.82      0.62        82
           8       0.90      0.95      0.92        82
           9       0.74      0.90      0.81       100

    accuracy                           0.72       816
   macro avg       0.75      0.75      0.73       816
weighted avg       0.71      0.72      0.70       816


Fold 10 Classification Report:
              precision    recall  f1-score   support

           0       0.77      0.61      0.68       100
           1       0.87      1.00      0.93        33
           2       0.62      0.77      0.69       100
           3       0.71      0.80      0.75       100
           4       0.69      0.66      0.68       100
           5       0.73      0.49      0.59        93
           6       0.97      0.88      0.92        32
           7       0.84      0.89      0.86        96
           8       0.64      0.67      0.66        83
           9       0.74      0.80      0.77       100

    accuracy                           0.73       837
   macro avg       0.76      0.76      0.75       837
weighted avg       0.74      0.73      0.73       837


